"SNNB" "SNSB" "SNNA" "SNSA" "GRNB" "GRSB" "GRNA" "GRSA"
"SNNB" 0 0.784754487659806 0.754159862998534 0.764874115331358 0.786253047305115 0.786388440337802 0.845399315977713 0.765915627978671
"SNSB" 0.784754487659806 0 0.79185519590292 0.79859949324688 0.812326405649427 0.813463578245661 0.868870483402085 0.793036203952579
"SNNA" 0.754159862998534 0.79185519590292 0 0.759398124650024 0.763608222035643 0.762009266488854 0.837476541251282 0.750044061535065
"SNSA" 0.764874115331358 0.79859949324688 0.759398124650024 0 0.774111281051179 0.775284839164019 0.847606355877353 0.762850290019366
"GRNB" 0.786253047305115 0.812326405649427 0.763608222035643 0.774111281051179 0 0.742763792830795 0.841012869374463 0.738308213640199
"GRSB" 0.786388440337802 0.813463578245661 0.762009266488854 0.775284839164019 0.742763792830795 0 0.843882229129744 0.747632731895126
"GRNA" 0.845399315977713 0.868870483402085 0.837476541251282 0.847606355877353 0.841012869374463 0.843882229129744 0 0.82226622944291
"GRSA" 0.765915627978671 0.793036203952579 0.750044061535065 0.762850290019366 0.738308213640199 0.747632731895126 0.82226622944291 0
